0.00014132411003108864 213.1380894173657 0.19740103390000768 0.6714007433856981 1.603063857121188 6.565689816277999 1.8975575524420676 3.478648114161603 1.0802416354551323
0.00014043539173779588 209.46837986622688 0.1944336512251412 0.6678710297383442 1.8121573160693742 7.344003517217397 2.942649208904397 3.826798714500623 1.1158364801141845
0.00014089416441446362 212.11234649233302 0.19805121077787569 0.6716490842223278 1.533964845327099 6.05502741018566 1.2612129580416949 3.4565719138518385 1.096623131580562
0.00014148570650677326 212.9470210091761 0.19601197682588511 0.6779361668899747 1.5533729959206375 7.341410039812186 1.9157224426198742 3.7186541100926287 1.062702243443002
0.00014165563132208662 213.1079798155109 0.20819527484648556 0.6700795613085578 1.5750347612721904 6.349800273972282 2.745089028803965 3.807245004877665 1.281677634136934
0.00014143453484130144 211.56218508899943 0.20241265366165412 0.6767593382675305 1.6349432862598936 5.6342372653153 1.2025899919206893 3.7380996210882964 1.0687615371810402
0.00014154885894168839 209.47200075277698 0.1935151172539126 0.668367231624744 2.381075474996702 5.8693480110975225 2.0237298575293887 3.90620725552516 1.2241682416992734
0.0001413566661489039 213.1025560590907 0.19670937054909646 0.6742196806009426 1.6306035691100935 7.221404762671257 1.3061013587883687 3.902987797952557 1.0279759217919624
0.000140544477547297 212.22643072188887 0.196040071430262 0.67096629478709 1.716163155170539 7.170931361802869 2.290539286021069 3.6651841719527964 1.0352550052064324
0.0001413818353812682 211.78299778974517 0.2043624803165875 0.6703958812557904 2.3632846078409506 6.564472478795813 1.3833246328036517 3.4487297774407226 1.0373042146227665
0.00014136050327724875 212.6426592850745 0.19743493620507435 0.6720737504758917 1.5901603231095036 6.357302778003958 1.4096231771095602 3.8051901241753345 1.3985412782562334
0.00014134891276081064 210.88189370184077 0.19789820869339436 0.674174475922066 1.6014330142074564 7.316815135702634 2.219937362901657 3.832925653330325 1.0659995528587627
0.00014159835346301707 212.18235092508434 0.19747044918243825 0.66930282470105 1.6740744093889621 7.345251026292474 1.5364508755366273 3.908385881520163 1.1177176461896683
0.00014149129685564116 211.5787595800547 0.20706476021231682 0.6693949100502572 1.6838796905039968 6.488101279986841 1.6729465154910605 2.9355002490353814 1.184941208078789
0.00014165986435435006 211.31561484138663 0.1982026185872611 0.6659734103424987 1.6555481983191505 6.007819434040204 1.6510810088040304 3.8372847313242957 1.2981512785518357
0.00014107670976237327 212.87552651767217 0.194716785886418 0.6726132628584343 1.95948234387079 6.769167938520099 3.0528748220714914 3.653197432632147 1.0787417958403551
0.00014156821373245885 212.10634765637047 0.19710426512922985 0.6677806448604087 1.916312142065345 6.926594221388165 3.731090421338398 3.7954654604647744 1.11467513678271
0.00013990965379540355 206.11017802000978 0.1942676243334328 0.6725907918955301 2.040636969348757 7.184763190425796 2.0407328578223236 3.9296392150575183 1.0701957216634277
0.00014150873728980466 212.76451716571395 0.1961450603522883 0.6713655390499774 1.652105557649309 6.74210020060731 1.0681965028462972 3.641970489845476 1.05730894786728
0.00014068921399621378 212.92133515168933 0.19935868601664603 0.669169716444176 1.6510375941381363 6.576668919665482 2.44126607486029 3.9064110917073553 1.1892285010598298
0.0001415020798987827 213.02155499906294 0.21560516965121562 0.6673643972095362 1.7453748017781323 6.302757573821392 1.3977187776710605 3.9381665369018797 1.3428966375180438
0.00014129029558568752 211.27731988619564 0.19358792562717228 0.6719491313593681 1.5187848188371662 5.304342108772165 1.6572100028202519 3.9293127696252017 1.166535789359018
0.00014159925760886164 212.289976039623 0.20281583705475476 0.6693901191775372 1.54404753570985 7.237130399114776 1.1707437719011549 3.4451453091361977 1.0460500593057727
0.0001414625403254993 212.10688586182286 0.20582477277879646 0.6703362495405197 2.110748735764848 6.918176952866109 1.42050657635994 3.8764009465115996 1.0670085557715445
0.00014163083457513498 212.65298242227104 0.20022950723598548 0.665571210099565 1.5310211478974607 7.391988862287776 1.2603420653805433 3.8085562476913513 1.0607276931416172
0.00014165592858057056 212.9855741868458 0.20164338664176507 0.6772698995234235 1.782130047949294 7.23929898084098 3.457090794065321 3.892299505334984 1.1643946007403378
0.00014118724617736842 212.49065444025402 0.1965376855939614 0.6727013686917455 1.5694233469760892 7.077030755884216 1.185751201832915 3.825374650873255 1.0808204845319158
0.0001416557952644747 213.07706237950396 0.19502959310112558 0.6769115471385472 1.9533491550094024 6.9986470987739775 1.2742062897534374 3.794007753498709 1.1673448442810732
0.00014159195143669895 211.1284530396605 0.1958364709806534 0.6706642258776409 1.7903472158400555 6.723939224591268 1.9767741125655545 3.921629438918712 1.1782611256242614
0.00014161658533124374 211.6994996440741 0.20985250801840644 0.6660335905908548 1.691130875048923 6.95447758101257 1.42214812562551 3.8842469447934245 1.3769055674849053
0.000140794459104599 211.69885399144786 0.19899770896559743 0.6714053885978472 1.509065020477565 7.227721537827766 2.097038861967169 3.8874547986446557 1.0329474717480926
0.00014121483292962305 212.43091250441708 0.1977688724530515 0.6697305358945742 1.997691886592912 7.353069488105449 1.072602316766194 3.53366241675438 1.1236052141925736
0.00014144202698291596 211.53066141606593 0.19343727860651572 0.6700192623375454 1.8493255456908042 5.7752633835071405 1.342073977472746 3.6554595301486703 1.0875981471697367
0.00014078817394000103 211.33592508400258 0.19326175414631835 0.6773399594495525 1.9248322638492215 6.806700399321196 1.3972626681767908 3.7788699060658373 1.022373188729866
0.00014111987797237806 212.7231604098871 0.19961747925476211 0.6740029902426913 1.809736754946586 6.92331077243404 1.5355541879898444 3.579968026819299 1.0357924716601776
0.00014152540187143314 211.69295619494127 0.19538747420971017 0.6788981792723463 1.5907671173067908 7.40193603428949 3.415070658294467 3.484857269733514 1.0312946340191846
0.0001409659689895664 213.06144271438072 0.1985130222589522 0.6635661007770342 1.6564510501767193 7.090310120067479 2.0762484750728247 3.755698548345923 1.271622807903511
0.00014023054999622728 212.20128063049233 0.19875564298157974 0.6663893167834951 1.698091849818348 7.350769654017583 1.7047908662712479 3.9380482083961788 1.0484225619148846
0.00014020415358887423 210.37147695390425 0.20133892802864453 0.673027012848954 1.6097379767043143 7.288096419761667 2.266633240949851 3.8915187470062276 1.087671890790829
0.00014152813126996832 212.13737589929224 0.20285707113279602 0.6709797897236384 2.179864409358804 6.860848141668666 1.364831241005155 3.5579825727513734 1.0792533235789596
0.0001412521011915548 211.92832735629122 0.19620841801700273 0.6637194296219218 1.6448642725094624 5.43694873870554 2.916804389009138 3.7652641996667686 1.2667708043608552
0.00014140162943828463 211.80073863340178 0.19507996788319806 0.6645121602000695 1.5045841146715788 7.35532042651916 1.433802955550333 3.8451686378860632 1.0932275711235664
0.00014136384433434518 212.5776331485668 0.22643424817309057 0.6747781904338218 1.5472216588715133 5.786472199249353 1.309438493923745 3.746483071365086 1.2414098754647138
0.00014160596953408677 210.80560588829456 0.1988682836034708 0.6700316005359463 1.653769947783137 7.278820992109156 1.2606733490533357 3.733366558446801 1.0580252580459462
0.00014166034900283056 211.21821612229746 0.20333058168274412 0.6712802622294227 1.7278992357910459 7.169529264756943 1.0853882574558877 3.3937858848300113 1.1222496082478766
0.00014161658021693402 212.7895950972108 0.19513469108943704 0.6758110343893782 1.9285250468093038 6.989250799908235 1.2726959391761552 3.802600374229837 1.1554468248602645
0.0001402946063329536 210.78999486079616 0.19426587211322327 0.6687937250320256 1.8233251144966842 7.107069936510073 2.300791738250973 3.918521082823247 1.0584694196917972
0.00014129335089159295 213.06120429796718 0.2058939583504664 0.6760239758153281 1.668257304826552 6.878517927139482 1.1031886047017996 3.8515896518312682 1.2976329107394533
0.00014133883752953866 211.2963375657745 0.2052564949922973 0.6687061045600395 1.544464591092048 7.15011080576342 2.680435927723611 3.8111048776509087 1.0766623135760163
0.0001405476296661974 212.61209894398792 0.19488924109024702 0.6658314552869989 1.5682491780951462 7.3931756258064265 1.2183273885355392 3.651202132912979 1.0309733415486162
