0.7490159600463236 12.43105948820946 0.7421885472555971 0.09529892431280604 0.44729336396019176 2.9400389598237195 27.25333151940957 0.05410504568031613
0.7050083810174304 13.099746109535504 1.2538426517273518 0.13084807671444507 0.5930407175862342 1.5216451421128523 26.73762303884589 1.5017426182682172
0.6808480575821283 13.417747949818056 0.848743739982091 0.6324820834915149 0.45818889936687174 7.069937734368301 26.623041596915574 0.41699629029669977
0.6913673479918404 16.0861125330447 1.0021435547060957 1.0250844719636323 1.1248246329353804 5.738337998197657 26.60985145960029 0.02320462862836392
0.6768745107312943 12.220041665198188 0.6627866382028957 1.1853027265869889 0.9334540095533177 0.9920895697281935 27.190293104656185 0.809233792557182
0.6948184555506866 14.400182116017886 1.0157138232544054 0.21301755182147675 2.930693454310421 2.7454514990867556 26.336499818755012 0.15556662844431401
0.648262834997856 14.967264501218459 0.7441965544093692 0.3142396613388639 3.9572527765516328 2.137607455894212 27.017836982645903 0.25203740680267517
0.6898374425748995 13.692935073988297 0.8300755792618615 0.2210293003269549 0.3673182350701758 3.9542080228710716 27.036945807130966 0.3229542782181886
0.7153805541114033 11.7423432326276 1.675466197600624 0.06907197760424699 0.6866524676408944 1.0949114709568395 25.312908323432353 0.015586545108821681
0.7235520398011788 14.603585889266675 0.38748575694310855 0.01905195676838578 0.6917444994623394 0.9188180515191191 26.77639105224851 2.9157734450268085
0.662502941259989 11.171375083639521 1.0663884617824513 0.02069725984925297 0.08548770252237525 1.6194669061550113 27.000398383340883 1.2492790562326959
0.6723846835708446 15.467830517324247 0.7607836445338115 0.8385180956089331 1.133841346784442 0.48966672216872187 27.337534078607906 0.04197272025106086
0.7249767055439459 13.28387808816618 0.8089140222092821 0.21324767987721308 0.5182644500777283 6.616186859259104 27.321185016826668 0.6000756205974578
0.6934678874935425 15.366898873583287 1.4369682497633627 0.17350742459473303 0.5071034459870896 7.32179529127541 27.437086101010053 0.31829495395276897
0.6818325932916206 16.639226259168833 1.4301185689485245 0.25903282672317596 0.020074645846819034 4.796691796839078 27.19021907045475 2.0441408634184155
0.6859392964736744 12.075546204483516 1.7313113607193102 0.007385504260996489 0.07892665353568118 14.738693314567413 25.751741544956506 0.493486510165809
0.6545544455616599 16.947660839050105 1.1734221372674927 0.06632136132218289 0.4355956683247564 4.458378755598899 27.250739887301865 0.5447948346742782
0.6669100973512735 13.86544005267168 0.560377014484128 0.4965928053370041 0.2815479856861982 8.241772020413118 26.558459317337295 0.5026213585146148
0.6834963329133529 16.161713494967703 0.6897869573102721 0.8038963517805997 0.3303321587069874 12.5057359732959 27.3587322569873 0.4746494646627869
0.686431809520542 14.472539500254545 0.8135252885823413 0.6747950672191471 3.123188564609242 10.793496693816696 27.179598514285185 0.23131668029890418
0.6559852303252004 11.666169317843673 1.9630175917898285 1.52109768627435 0.33308032028013157 5.955460455323124 27.074300335676444 0.6823884469980737
0.6392148867243181 12.740911320052081 1.4826486583871796 0.5064762373252991 0.6321927535837505 1.9793319102960154 27.18448133290389 0.15846151777128242
0.6695242236684227 13.84356378389524 1.291832242074287 0.221036326413913 0.018189082707192883 4.602161829597932 27.281155220026132 0.16146447390369442
0.6807927383490116 14.564479684653255 0.6488898971518929 1.1620847430633776 1.0491772334240004 4.266886088463885 27.23118174412931 0.9728045089175221
0.7010810103911731 14.777397661388447 1.0971220284302188 0.23809993334456053 0.33026219611387037 1.2869236407612918 26.69176574467463 0.1447948894023972
0.6997716072884785 12.218594849659159 0.5990937158070995 0.7039328272269082 0.4723267650348717 4.779268903546205 27.469696455137647 0.6147110207483037
0.6747828797788069 13.641109311149831 1.83403493712494 0.08366663765659166 0.8019685479920816 2.875117296519038 27.488047052745706 0.337632905641111
0.6978828572883321 12.771601267433219 0.8634878037706571 0.503868851153835 0.001078369891508446 2.121960500651083 27.06240394002205 2.591680174974245
0.6940997434064139 13.066397833851443 1.1889108487221483 0.3407727778997844 0.856211976120125 2.1383895509530895 26.95485912037747 1.6367137451227982
0.7028711131154062 16.150344265824096 1.1822475871855 1.1802543093861937 2.497553562851039 3.4556150610038765 27.260861100725634 0.11819548133668656
0.6719382314250462 11.804195033168412 1.2726196861668506 0.42367522263286994 0.1286469940551206 0.9085782194400766 27.31987755358858 0.16320519691774818
0.7322169562271735 14.674708574798187 1.0451105948343442 0.23908278864685684 0.7477826834928938 3.121995032825926 27.330564602271124 0.7192982898677198
0.6861498124372543 11.661299905084212 1.9915319569902397 0.29126783726357 0.7031029818364235 10.27260235347892 27.393228416581227 0.5908242374592615
0.6971069471955837 15.855124194892257 0.8148358771892521 1.5076548830144434 0.5798373425805601 3.5900409664695108 25.965198894990188 0.2373666654967212
0.7049610244926424 16.08871386913264 1.6134344528540572 0.7866385568349586 0.6381612511355741 1.7741988871859535 27.098032698686474 1.2810688713474059
0.6973449835480876 15.571061141219253 1.076378536498365 0.33089693404936515 0.41360225641458687 9.889192066497856 26.90462759975707 0.07049854181118158
0.6538353246930048 14.241007066177085 1.0590794539809316 0.41542250113333984 1.5627128313148755 2.0777216682034676 27.024416020556494 1.0794748415313073
0.6983760730963091 14.863985400393375 1.2532601378099535 0.21237880477452792 0.2869668121892827 21.638878978011412 25.84083876935023 0.03768657167125086
0.7238704887595355 13.718178580963045 1.4312785251742204 0.3435418535106749 2.306864342229331 3.2174538451003336 27.408360400251855 0.19162395512294406
0.7012169385752437 14.172192302350542 0.7852082294441642 0.21598648911753573 0.16707199295782402 5.173254598557973 26.001774768729327 0.7603713175658021
0.7356010840502684 14.392947401082125 0.641998442504126 0.47124051302116493 1.5790940838816718 4.926944589608759 27.182458864331682 0.0479042360850682
0.6938296224666591 19.456682098009615 0.5983174580437096 0.06866644484679274 4.8032008649716085 15.067276796635664 26.707321699633635 0.5592035315792316
0.7153102586991203 15.139656241646096 1.09385823157037 0.3685297915492553 0.3526867514616042 2.427570470876212 27.366919174406288 0.775096756388384
0.7156948798560605 16.648832513162137 1.0226564025517806 0.3201736954894403 0.46287728625237 1.2944652991813608 26.9480769216028 0.7121344195828261
0.681526336499058 11.436914367992214 2.1133266219216345 0.003730891020236715 1.62963212991751 1.564237317125373 27.461778486769933 0.8148283082973276
0.7232475916899145 15.778945907883715 1.0899658336552214 0.790357554812199 0.8708441436992502 10.50682606848023 26.922063299914967 0.13903885302486302
0.6607760790983406 15.91159912213485 1.5654208731314616 0.6992036142440409 2.7173066088355156 1.6093148003612727 27.215456563708972 0.07825439814260035
0.6777117866402325 14.604861832909421 1.7132574967747112 0.44870163636667815 0.10162114723716376 16.04675558784936 26.622390446866905 0.6577759749004908
0.6238876056787762 14.033749254105741 0.5177765071259914 0.5067477583839199 1.053382906627998 0.1305760295544775 27.090580513144424 0.29476530323159333
0.6777867219398851 14.97930650642311 0.9518299877783352 0.17193630150528594 0.4853723593617906 0.13284137983739397 26.888509773408884 0.23313977774062658
