0.5659931576400842 15.180288488065298 4.171085117640235 2.6427246752494558 3.0956249132164997 16.742513608620023 27.03887078445765 0.9534955759820849
0.6090766057645066 6.530099843272203 4.665918096568544 0.4634831053809403 0.8429307927584673 21.063633426782705 25.91988298929719 0.07807786402129685
0.559682077921702 13.2435346515714 3.573408191754293 0.20651949886052634 3.6158778930920916 23.277853765886974 27.197287140680814 1.1723929710150216
0.5803543739923268 15.082157017280728 4.517099307600194 0.8031437247164126 0.530039869256087 17.9295234315275 25.924720342728858 0.38516406427418814
0.6171434655079593 8.582431131169967 4.648652628246592 0.19777323763427268 4.039242990534557 0.026163312273231654 24.79963428403968 1.8411926602937432
0.5928717273384124 12.753435605439757 3.8999283818389165 2.669748747012879 2.0187614627886834 15.57730975336689 27.25538221958285 2.032078892412424
0.6076895836746085 10.812392291591035 3.6931089201662943 1.2650272064972539 2.9039908370332435 17.646778137623837 27.214471009010122 1.8504014894615421
0.5679168356296419 13.577891536513125 3.931174795869 0.5439948571662377 2.4644674121200807 14.967580877155523 27.168456796284794 0.21681958987369376
0.6181270098940248 10.75978000783685 4.406082982529819 0.03693013629573334 3.4893731202425946 13.383158091798926 25.720019496762934 3.820171579923091
0.5908733227942786 10.413566509155917 3.8994983536967642 2.2333134829370622 4.905114933168272 1.3241512238255377 25.992411477974873 1.1971937705166535
0.6372048561051751 7.175499906858609 3.858781874183714 1.228836360049213 0.7208860206926213 14.432396502299149 24.040239976523257 2.0700360747818087
0.6220160863683275 11.470970227490058 3.932680078323779 4.178407043166647 0.17898764689164626 3.6179599838189853 25.652158996872064 2.1644116382907095
0.5146034936938243 18.791025464967582 4.120523540342966 8.327400513129554 1.6660369982848544 13.728646433451152 26.631052936108205 1.0663789020145826
0.5897162161065593 10.146707365974951 4.082928910472549 0.18200808211413255 2.1049741916468756 23.683813380524892 22.015961964813645 0.05302789275617009
0.557163142656443 9.82279916303959 4.2471058265098955 0.10658902358480393 4.23993485172198 9.288050025849179 25.67521595065899 0.039930735663199934
0.599650370167317 10.128310489481104 3.9948485179172573 1.6334171838091704 1.609951878492562 2.561801494682453 23.07207011996993 0.6723918698963465
0.6345968905641595 9.464338412849658 4.983801227825673 0.044485874305767226 2.987934878837921 7.032404323374411 26.890556647467456 0.9617938194243334
0.5339992798922087 16.987053513957072 2.948463016259719 0.9018741201862277 5.011670360429022 23.231271334489428 26.09103004434796 1.9144775771813285
0.5374112511202559 14.704633240123883 3.6351984913297466 1.6384276956324626 5.635247656428448 6.555225004126394 26.50408664086767 0.46651714087874874
0.6340383648833837 4.029681466651407 3.767550584871551 0.22331742826901868 0.744367086497388 1.056495909543525 21.056440972879756 0.7141043481190017
0.5105989727752153 13.746453438120781 3.5999290914699014 0.9809923468299407 8.453558616893933 0.9845398733146506 26.092426699566808 0.3440234395577265
0.5960027540740074 13.177282359627913 3.6714478354521796 1.5084549040112667 3.033065238378702 24.568120601585786 25.684664523695233 0.8909146710160397
0.5792814269230064 14.774171102467697 4.589603531640412 3.6187534053414856 0.020030591088027627 17.645459146746944 26.12674856616788 0.41573684052001647
0.571548158722765 14.24733076751163 3.5985163522043995 0.748360892648738 6.298116366639499 5.269340333278256 26.39749076021618 0.08376078838575118
0.6052711746241466 11.201358446554998 3.347544347702411 1.3251065253268681 5.144242471475664 4.880883077252952 24.0591737055146 0.9607012030146884
0.6072985318546409 12.488557869926048 4.111966647465007 2.491996394962867 0.5356990131218149 5.354342348534239 25.956346482959958 1.5560997475040779
0.6219263810919092 14.382240666974388 3.642912184760319 2.0798650292347163 3.547313328153451 4.848726802756476 26.445513652773922 2.1532906550511584
0.5633231718987224 10.110425371584427 3.7144223443421605 0.3639490963885652 5.278411998723017 10.039243073685787 25.523878540515394 1.155812246796558
0.5563475643984932 14.246867853920817 3.5725055367733347 0.7558469898562887 5.470978775394821 6.0367705943692265 26.029803401679537 2.2005420257342165
0.606678489499644 10.133697994474803 3.938661543810626 1.5558126918674333 3.953665839827406 2.207880395509001 24.694283226861813 1.5436551652964077
0.615883720457566 14.245039376548043 3.7556590175752462 1.4475914585450371 1.093144628495885 23.6448787524028 27.3534197502089 2.8146598116847232
0.48419213809529665 15.483930870329214 3.99077485998588 0.05212509542049726 7.093175951364899 20.82731047283793 25.88120731004381 0.07742271097061548
0.620527011731113 10.587643157024708 4.470672336741108 1.0083793114546047 0.7399309869566104 23.875881624579947 22.242824995978104 0.32980502826414293
0.5895420256115448 13.770979826107641 4.125429679021654 3.5735658743274272 0.49189400786943516 4.778485942478804 27.453214272352806 1.022745172940572
0.5812031157613485 15.480222871221601 4.229587341274376 4.783311061175549 0.25102054723822986 18.978979730391607 27.304913912086693 1.1229528574017669
0.6266948500864932 8.238990898931847 4.477295032268074 0.37787710795066376 0.20137453659582638 11.184489853712343 27.164255140199074 1.7107713991507287
0.606885034232648 15.042491188547015 3.878616880379271 2.6992256388598213 6.4884914278801755 3.388588481833698 26.09093711126547 2.42346164522988
0.5431856678975249 9.759963975209821 3.927018696824253 0.7665718395859271 2.476484503823492 3.100144797459909 25.45246655759348 1.145134378126749
0.6397209721803581 12.417757733682386 4.975030145949719 1.5310211548605253 2.4569561565073927 10.648805389698413 26.868034610041533 0.07269983026428922
0.687443224372002 7.954724075423528 4.490514786822214 1.010374556118684 0.8455616001520079 6.274944694980269 24.789679595551586 6.568385425336954
0.5578792424603436 14.240528354018956 3.449957126457002 1.6031793681427327 5.175342512634431 5.1028958647213525 25.113529098818432 1.4258133476477288
0.5891686523680768 11.2900877391573 4.369025718762593 0.044059140607706215 3.981658248658717 15.930867351263352 27.045863211377796 0.824766526892512
0.5991028044136512 15.345597522831191 5.377037781605309 4.810757517800171 0.24071430656078963 8.08799763383972 27.328138272908248 1.686717751896273
0.5318373852955032 13.980088961368377 4.301802558708024 3.5554389409876297 6.160959988667736 0.7269017967766143 26.559081075768944 0.13375734301003006
0.5971613072679486 14.036104253676793 4.0691972403094745 1.337219329011613 3.9253518888154746 18.717254692651778 25.9014491858035 0.8027024910028349
0.5316100083086706 16.196420985924494 4.24683067922882 6.4456270895720715 2.1937786445125984 3.346849170746436 26.225477057606014 3.081123977571073
0.5477857419054716 16.81638875126739 3.5593398161595395 1.0419032928262102 6.6815187396706754 14.50224951800877 27.373574740946076 1.4151379247666562
0.6180975441018456 10.220263159864297 3.536044147870838 0.23372920227208427 3.2502873128430125 13.2183491099006 25.40397641398218 1.8415451636453941
0.534479667615341 19.086269201732243 3.537312150743272 3.535240646701606 9.697392018082303 15.161916549781592 26.474425883186733 0.2106172723712172
0.5810780570635384 12.876862474038303 3.9598856792096564 1.0545671110239527 2.575033478081696 15.119267629580762 26.998549764988987 0.23575453215237407
