0.00013206886226546568 114.14892158813252 0.3452302220364102 0.6910742784608418 2.176062388307339 5.6151996650229785 5.207207844153832 2.1817832138795255 2.078227001253468
0.00010576835538131871 165.75805880089692 0.3799340723336994 0.6917217487075402 1.8403236066352504 3.2947190145849756 4.355120297893742 2.189034476578948 3.9146097625226024
0.00010800118450098339 165.50925542594925 0.23759739251739542 0.6923622317055509 1.7882743701636454 3.1544963160548662 1.4190852822560185 1.271026512103757 3.332127681600745
0.00012476743153431685 113.2451593766309 0.3420826730342441 0.6892185482888181 3.283055974822742 6.626207804112591 3.489908284901639 2.1481824070854834 1.6388964398157226
0.00014015074850637875 130.27205623599528 0.34412144891379665 0.6940541973191774 3.1181053316751965 2.6668794728184224 3.6227140414375674 1.6393552976429708 1.811406050481501
0.00011620224770663233 177.74138535562915 0.4480605848583146 0.6982552338359609 4.249023133863655 1.2512037127343527 5.611971608563338 1.3640718540826868 1.536756852221125
0.00013429923040270597 116.97592032871201 0.24029019574979874 0.6865775928335468 3.7924077995275143 4.2540251025267555 4.997113415160332 1.9086847055135236 1.0995046001456572
8.42685648844808e-05 205.51045355108022 0.43567180372026554 0.6941041693639884 3.9753325428196264 7.294468881389171 1.5365674423418423 3.121590345208122 1.576460623729436
0.00010682005114631238 167.53309269992053 0.4674497675684237 0.6908654798465179 3.4474432764157736 7.182376419038469 4.9093972771335 1.792647130799272 1.8710932188020957
0.00010945222174315766 143.84132171660585 0.2734292766576141 0.6885429036488006 2.1067012026546807 5.237231802479313 6.296334627232311 1.4696122007898615 2.977063593473735
0.00010510089836393034 189.0098291530605 0.43933125845447774 0.6873623454217096 1.5065084838735292 6.095551143849032 1.9772770065075242 1.238000026294455 1.3336570537568249
0.00012778503977664335 127.88643847327856 0.26563029495231977 0.6871111078317431 2.6245212867356855 3.019788355713671 5.694558193456941 2.372183452139887 3.743209849863441
0.00011810274731820851 212.19888201913722 0.43107455269706163 0.6881017118284769 4.9465939233233485 4.18729603251009 4.3347563737138834 1.4374381845368194 1.2787548877715962
0.00010102471175896691 176.4111380453573 0.43488665862389353 0.6870048506368607 4.547083477904492 3.55714168553873 4.445912492649216 2.682294658796862 3.0482040911621033
0.00012419063062415927 115.52017583124582 0.22108286778930294 0.697196331086539 3.283604472205882 3.4126754856023496 6.159541851468941 1.9852358253239468 1.7155250531322186
0.00013324731048512884 161.67405700225848 0.5074289103094369 0.6954102716391647 1.743835978633038 2.807132163652211 1.9060371193376096 1.5685825147651047 2.6656081047895483
0.00011063156082416358 136.32559705223332 0.3572448513616645 0.6924289997070316 2.8709874224010647 1.6572261226329421 1.351562601734525 2.0809848410493075 2.0890529452331257
0.00013286712136105134 181.32156923557994 0.32987302964556253 0.6829033667495211 3.8668915637090393 3.8743344446181576 2.567313351007239 1.3815105633998257 1.8562119011390452
0.00010355555213600702 156.24068439776852 0.37226075795466523 0.6873424901411836 3.436541609646986 4.622080607237413 5.634157461059926 2.4293977072909856 2.9312056070496695
0.00011297846653925597 167.079325411186 0.4170754770506248 0.6913215252040454 1.5225253065705282 2.0769989799752775 1.4038163555016077 2.0405149050712272 3.735043246366441
9.605060596517603e-05 179.39174948158202 0.33076750396651106 0.6981933066847948 2.0689434140288085 4.590127120977033 4.391686722903612 2.045243202038407 3.8997003439716584
8.401673113930602e-05 178.3939438970811 0.35133481949916834 0.6880274084018234 2.6576492476205145 7.2478369037823835 3.6316277873118543 1.9132542097338876 1.866285514449197
0.00012527543124062776 122.48604137343882 0.32808908992018904 0.6979239772934384 3.54280225120805 7.2611848354210355 1.9733672414720504 1.7222983629022373 1.7123190075103425
0.00012427224755230486 156.45237231074074 0.1957038564238781 0.6981458688953809 3.710309001664201 1.7830209572404723 4.1831442122856775 1.8305910093246702 3.476416777538748
9.663685108991969e-05 199.55129079766417 0.40535607164322446 0.6850506930266319 2.916449171406125 7.026332756840761 6.435374214672079 2.442022277660937 3.8484493844949665
0.0001213092681494008 156.44795176541848 0.38113347627139155 0.692043584134371 3.2175458375568784 4.443443574914044 2.6255317480207077 1.6130095675568938 2.752046146771699
0.00010917062183575002 125.80225768755979 0.2378434901494491 0.6934044745619617 1.534668452276732 4.532043175949146 1.5333089333450256 1.5459238943567257 1.6757528277333842
0.00011049930078463444 164.0601683174308 0.209333736887415 0.6912872583437443 2.1762544009803477 1.4192445243685885 6.5007368380467625 1.2874859718000953 3.830063791233814
0.00011730904636506913 202.4964163093098 0.5090259549783149 0.6940002399534375 4.140780168945893 5.255245597158939 6.353735167099547 1.3691309055267158 1.2452768532232472
0.00012152977185219919 200.778640474486 0.4331638200212398 0.691055016633913 4.074031622810671 1.9658184443768638 2.657692546352503 1.4461061741279524 3.513548865262954
0.0001331003024392171 146.0699966950427 0.19651803653760264 0.6938854266539355 2.8219739202827743 1.062919230313227 1.6975766692162289 1.1776428746143996 1.7969720102028497
0.00011341424484032927 96.13595329431234 0.2707788990500985 0.6933847440319433 3.943275115143099 5.612576175505784 1.1303608808308416 3.0520738067929507 3.2215684744872224
0.00013142148418016276 114.64834877149684 0.3697719791994706 0.6821028853909384 2.408741092058958 6.978159164673896 3.6182027735681532 1.915587520637955 1.2337370369535166
0.0001311606777937845 133.97145879637708 0.3576887652039934 0.6924906680898191 2.939548063190462 6.004160798738894 5.297964050625907 2.2069025552737824 3.9383548978517875
0.00014089112435225186 135.8750069002478 0.238059672895608 0.6910931675594654 2.1592246981237952 3.301523815385918 2.8152983550393653 1.3088257841835056 3.585066701439298
0.00010285255389613454 147.59279246784 0.3985338668206333 0.6914524628885452 2.3036014495817096 4.059889333409037 3.563826495563932 2.1304829786590425 2.5499720197903586
0.00012613900302230159 167.00342947464907 0.1966318735385895 0.6959825419546425 4.808184531613472 3.223113434992019 1.9395868852777856 1.2499207039800395 2.7649050143599525
0.00010053741390860303 151.42836038043586 0.36179714455900497 0.6918010022026375 2.864324071245812 5.538744351236749 6.811200844845806 2.446238820870491 3.740013055887987
0.00013324833909399028 188.31040373164288 0.23595641036150145 0.6843355747392026 4.341289222176147 3.0449382254222863 4.640733785609081 1.2660072880256101 3.3511769602814256
0.00012670052219330898 126.58070501283768 0.25633692952580234 0.6866460875715743 2.79210866373614 4.463526749826854 4.968391072129206 2.0254091879080294 1.7658976295722009
0.0001246427289985799 112.9607882735932 0.2696888579374707 0.6941708266771796 1.6557181727210615 6.892717116296385 1.0456048804056208 2.2431259960265755 3.8800172847713967
0.00011808879730074913 130.20325540753566 0.4929363812757275 0.6874636286487743 3.285637495108767 6.3826779939566745 3.7196693329300112 2.7777994625379576 3.3633896622368598
0.00012949915999399726 205.28613222031535 0.32845266034779763 0.6963215573606013 3.0787957666150776 2.5496022312278916 6.850212775131632 1.4475097416254088 3.6866974385128506
9.456791135460552e-05 144.5956483151485 0.21426335618656422 0.689279268155186 2.117659053048678 1.5881009876864804 5.226204392217303 1.8843070541183038 3.2377342407855143
0.00013619019217306566 165.29254567439023 0.40059277793219317 0.6952049625908331 2.8234185262978913 1.7404222207552627 2.840686157275678 1.2337960604647105 3.3038376529869424
9.261541641704876e-05 191.29152481988262 0.29558870038906626 0.6932702673690465 1.8355047825443216 3.1099423073162553 6.909502435409528 1.4401379969141965 2.4339526480488614
7.684094874432606e-05 191.47472731545193 0.28767239436765596 0.6866787380233735 1.9715266238115885 3.3394438772547335 6.30485756136893 1.9713272774431363 1.8312937801262739
0.0001232936175987849 105.8776074838245 0.3648585365473697 0.6959355250883718 3.1180002660158936 6.027084897083172 4.612332533029142 2.2073637734129243 1.0483943779559535
8.26505176056632e-05 182.2359540894173 0.24711033142673533 0.6925297159079388 2.4158484317940725 3.643837716083987 7.049568731960878 1.6768600910358962 2.2377709905807763
0.00013999656189955911 144.30726898850685 0.3369504675361374 0.6873483688352606 2.86446279870145 6.189437405026542 3.725669910011471 1.8410128609449206 3.7374172523225377
